00000000000000000000000000000000
00000000000000000000000000000000
00000000000000000000000000000000
00000000000000000000000000000000
00000000000000000000000000000000
00000000000000000000000000000000
00000000000000000000000000000000
00000000000000000000000000000000
00000000000000000000000000000000
00000010001100000000000000000000
00000000001000110000000000000000
00000000000000100000000000000000
00010101010100000000001000110000
00000001010101010000000000100011
00000000000101010000000000000010
00010100010000000001010101010000
00000001010001000000000101010101
00000000000101000000000000010101
00000000000000000000000000000000
00000000000000000000000000000000
00000000000000000000000000000000
00000000000000000000000000000000
00000000000000000000000000000000
00000000000000000000000000000000
00000000000000000000000000000000
00000000000000000000000000000000
00000000000000000000000000000000
00000000000000000000000000000000
00000000000000000000000000000000
00000000000000000000000000000000
00000000000000000000000000000000
00000000000000000000000000000000
00000000000000000000000000000000
11001101100100000000000000000000
11011100110110010000000000000000
00001101110011010000000000000000
11001011011000000000000000000000
10001100101101100000000000000000
00001000110010110000000000000000
10110111001100001100101101100000
10101011011100111000110010110110
00001010101101110000100011001011
00000000000000001011011100110000
01110000000000001010101101110011
00000111000000000000101010110111
00000000000000000000000000000000
00000000000000000000000000000000
00000000000000000000000000000000
01110101000000000000000000000000
00000111010100000000000000000000
00000000011101010000000000000000
11111111100100000111010100000000
00101111111110010000011101010000
00000010111111110000000001110101
00000000000000000000000000000000
00000000000000000000000000000000
00000000000000000000000000000000
00000000000000000000000000000000
00000000000000000000000000000000
00000000000000000000000000000000
00000000000000000000000000000000
00000000000000000000000000000000
00000000000000000000000000000000
01100011000000000000000000000000
01010110001100000000000000000000
00000101011000110000000000000000
01110000000000000110001100000000
10000111000000000101011000110000
00001000011100000000010101100011
00010000000000000111000000000000
01000001000000001000011100000000
00000100000100000000100001110000
