#time0row7[msb-lsb],time0row6[msb-lst],....,time0row0[msb-lst]#
#time1row7[msb-lsb],time1row6[msb-lst],....,time1row0[msb-lst]#
#................#
ic=7   6   5    4    3    2    1    0
0000 0000 0000 0000 0000 0000 0000 0000 nij: 0
0000 0000 0000 0000 0000 0000 0000 0000 nij: 1
0000 0000 0000 0000 0000 0000 0000 0000 nij: 2
0000 0000 0000 0000 0000 0000 0000 0000 nij: 3
0000 0000 0000 0000 0000 0000 0000 0000 nij: 4
0000 0000 0000 0000 0000 0000 0000 0000 nij: 5
0000 0000 0000 0000 0000 0000 0000 0000 nij: 6
0000 0000 0000 0110 0000 0000 0011 0000 :7
0011 0000 0000 1011 0000 0000 0010 0000 :8
0110 0000 0000 1100 0000 0000 0000 0000 :9
0101 0000 0000 1000 0000 0000 0000 0000 :10
0000 0000 0000 0000 0000 0000 0000 0000 :11
0000 0000 0000 0000 0000 0000 0000 0000 :12
0000 0000 0000 0011 0000 0000 0101 0000 :13
0000 0000 0101 0111 0000 0000 0101 0000 :14
0111 0000 0111 1011 0000 0000 0001 0000 :15
1000 0000 0000 1010 0000 0000 0000 0000 :16
0000 0000 0000 0000 0000 0000 0000 0000 :17
0000 0000 0000 0000 0000 0000 0000 0000 :18
0000 0000 1001 0000 1001 0000 0100 0000 :19
0000 0000 1111 0000 1101 0000 0100 0000 :20
0001 0000 1111 0000 1100 0000 0001 0000 :21
0100 0000 0010 0111 1101 0000 0000 0000 :22
0000 0000 0000 0000 0000 0000 0000 0000 :23
0000 0000 0000 0000 0000 0000 0000 0000 :24
0000 0000 0011 0001 0111 0000 0011 0000
0010 0000 0011 0100 1001 0000 0011 0000
0100 0000 0010 1001 1001 0000 0001 0000
0100 0000 0000 1000 1010 0000 0000 0000
0000 0000 0000 0000 0000 0000 0000 0000
0000 0000 0000 0000 0000 0000 0000 0000
0000 0000 0000 0000 0000 0000 0000 0000
0000 0000 0000 0000 0000 0000 0000 0000
0000 0000 0000 0000 0000 0000 0000 0000
0000 0000 0000 0000 0000 0000 0000 0000
0000 0000 0000 0000 0000 0000 0000 0000
